acc = 0.8578431372549019
acc_and_f1 = 0.8797690262545697
att_loss = 0.0
cls_loss = 0.18072768779683293
eval_loss = 0.32842089608311653
f1 = 0.9016949152542373
fake_att_loss = 0.0
global_step = 4899
loss = 0.18072768779683293
rep_loss = 0.0
trans_loss = 0.0
